2016 01 01 04 32
2016 01 01 06 31
2016 01 01 17 15
2016 01 01 21 20
2016 01 02 17 21
2016 01 03 03 24
2016 01 03 09 07
2016 01 03 15 33
2016 01 03 20 43
2016 01 03 21 55
2016 01 04 16 54
2016 01 04 17 26
2016 01 04 20 25
2016 01 05 16 48
2016 01 05 17 14
2016 01 06 18 36
2016 01 06 18 49
2016 01 06 21 02
2016 01 07 00 23
2016 01 07 02 07
2016 01 07 05 45
2016 01 07 06 04
2016 01 07 13 52
2016 01 07 16 44
2016 01 07 17 23
2016 01 08 03 39
2016 01 08 07 32
2016 01 09 07 52
2016 01 09 13 38
2016 01 10 03 23
2016 01 10 05 00
2016 01 10 10 52
2016 01 11 18 04
2016 01 12 02 10
2016 01 12 10 19
2016 01 12 15 23
2016 01 12 18 21
2016 01 13 02 07
2016 01 13 06 42
2016 01 13 20 08
2016 01 14 07 57
2016 01 15 11 40
2016 01 15 12 16
2016 01 15 16 57
2016 01 15 21 43
2016 01 16 16 44
2016 01 16 23 04
2016 01 17 00 22
2016 01 17 04 26
2016 01 17 12 13
2016 01 17 16 06
2016 01 18 03 04
2016 01 18 15 46
2016 01 18 16 14
2016 01 18 18 52
2016 01 18 22 39
2016 01 19 01 07
2016 01 19 03 20
2016 01 19 15 27
2016 01 20 06 46
2016 01 20 12 00
2016 01 21 19 36
2016 01 23 11 43
2016 01 23 16 05
2016 01 24 08 12
2016 01 24 13 24
2016 01 24 16 45
2016 01 24 19 44
2016 01 24 22 01
2016 01 25 05 05
2016 01 25 13 08
2016 01 25 13 32
2016 01 25 21 32
2016 01 26 20 01
2016 01 27 12 31
2016 02 01 03 09
2016 02 01 05 56
2016 02 01 09 27
2016 02 01 23 06
2016 02 01 23 46
2016 02 03 14 28
2016 02 03 18 29
2016 02 03 22 34
2016 02 04 00 28
2016 02 05 08 57
2016 02 05 10 05
2016 02 05 15 33
2016 02 06 07 08
2016 02 07 04 49
2016 02 07 08 03
2016 02 07 11 11
2016 02 08 04 45
2016 02 08 09 38
2016 02 08 10 45
2016 02 08 13 34
2016 02 09 02 12
2016 02 09 14 33
2016 02 09 20 21
2016 02 09 22 31
2016 02 10 09 50
2016 02 10 18 44
2016 02 11 00 20
2016 02 11 10 25
2016 02 11 16 18
2016 02 12 00 28
2016 02 12 04 13
2016 02 12 06 36
2016 02 12 17 55
2016 02 13 21 40
2016 02 13 23 33
2016 02 14 03 27
2016 02 14 12 42
2016 02 14 18 32
2016 02 14 21 22
2016 02 14 22 14
2016 02 14 22 56
2016 02 15 08 09
2016 02 15 18 48
2016 02 15 20 03
2016 02 16 11 30
2016 02 16 17 09
2016 02 17 00 30
2016 02 17 03 29
2016 02 17 03 51
2016 02 17 03 56
2016 02 17 04 23
2016 02 17 07 36
2016 02 17 08 13
2016 02 17 09 06
2016 02 17 23 01
2016 02 18 00 04
2016 02 18 10 00
2016 02 18 22 09
2016 02 19 21 35
2016 02 19 22 19
2016 02 20 21 11
2016 02 21 15 01
2016 02 21 20 25
2016 02 22 14 07
2016 02 22 21 45
2016 02 23 04 45
2016 02 23 08 35
2016 02 23 18 36
2016 02 24 07 35
2016 02 24 08 16
2016 02 24 13 42
2016 02 24 19 38
2016 02 26 07 08
2016 02 26 18 11
2016 02 27 13 58
2016 02 27 14 59
2016 02 27 21 53
2016 02 28 07 49
2016 02 28 14 48
2016 02 28 21 50
2016 03 01 10 58
2016 03 03 00 10
2016 03 03 03 41
2016 03 03 06 04
2016 03 03 15 51
2016 03 03 21 55
2016 03 04 04 20
2016 03 04 18 44
2016 03 05 03 30
2016 03 06 01 19
2016 03 06 06 08
2016 03 07 12 02
2016 03 07 23 58
2016 03 08 11 43
2016 03 08 14 42
2016 03 08 20 10
2016 03 10 02 18
2016 03 10 03 47
2016 03 12 00 26
2016 03 13 08 26
2016 03 13 23 09
2016 03 14 04 16
2016 03 14 04 17
2016 03 14 19 14
2016 03 15 03 29
2016 03 15 17 19
2016 03 16 00 54
2016 03 16 07 44
2016 03 16 10 14
2016 03 16 22 47
2016 03 17 12 47
2016 03 17 17 59
2016 03 18 02 25
2016 03 18 04 36
2016 03 18 16 18
2016 03 18 16 49
2016 03 18 18 00
2016 03 18 22 31
2016 03 19 04 28
2016 03 19 09 16
2016 03 19 16 29
2016 03 20 01 59
2016 03 20 05 50
2016 03 20 11 58
2016 03 20 23 15
2016 03 21 00 17
2016 03 21 05 19
2016 03 21 12 14
2016 03 22 12 05
2016 03 23 00 48
2016 03 23 12 07
2016 03 23 14 29
2016 03 23 23 01
2016 03 24 04 48
2016 03 24 06 44
2016 03 24 16 52
2016 03 24 21 26
2016 03 24 22 49
2016 03 25 12 49
2016 03 26 00 17
2016 03 26 04 07
2016 03 27 03 53
2016 03 27 09 16
2016 03 27 09 59
2016 03 27 10 31
2016 03 28 02 08
2016 03 28 17 09
2016 03 28 22 45
2016 04 01 11 47
2016 04 01 22 11
2016 04 02 01 10
2016 04 02 07 30
2016 04 02 13 10
2016 04 03 10 23
2016 04 03 12 54
2016 04 03 13 08
2016 04 03 15 07
2016 04 03 15 16
2016 04 03 16 44
2016 04 04 00 58
2016 04 04 01 22
2016 04 04 11 18
2016 04 04 13 00
2016 04 05 06 18
2016 04 05 09 08
2016 04 05 12 59
2016 04 05 13 42
2016 04 05 20 42
2016 04 06 06 29
2016 04 06 08 07
2016 04 06 10 31
2016 04 06 22 03
2016 04 07 07 15
2016 04 07 09 25
2016 04 07 10 40
2016 04 07 20 53
2016 04 07 23 17
2016 04 08 04 40
2016 04 08 07 32
2016 04 08 15 33
2016 04 08 20 17
2016 04 09 05 33
2016 04 09 06 35
2016 04 09 21 36
2016 04 10 19 56
2016 04 10 20 41
2016 04 11 09 02
2016 04 12 04 43
2016 04 12 18 48
2016 04 12 19 17
2016 04 13 15 45
2016 04 13 23 47
2016 04 14 01 50
2016 04 14 04 10
2016 04 14 06 51
2016 04 14 12 38
2016 04 14 15 39
2016 04 15 00 03
2016 04 15 14 17
2016 04 16 02 08
2016 04 16 07 19
2016 04 16 22 09
2016 04 17 02 47
2016 04 17 17 31
2016 04 18 09 50
2016 04 19 01 10
2016 04 19 04 20
2016 04 19 07 41
2016 04 19 09 18
2016 04 19 09 31
2016 04 20 00 18
2016 04 20 00 36
2016 04 20 09 32
2016 04 20 15 56
2016 04 20 15 56
2016 04 21 20 51
2016 04 21 23 49
2016 04 22 03 06
2016 04 22 07 07
2016 04 22 08 06
2016 04 22 08 25
2016 04 22 12 50
2016 04 22 15 29
2016 04 23 18 39
2016 04 24 01 45
2016 04 24 08 38
2016 04 24 14 04
2016 04 25 04 19
2016 04 25 06 23
2016 04 25 10 51
2016 04 26 06 43
2016 04 26 08 25
2016 04 26 16 23
2016 04 26 16 31
2016 04 26 23 46
2016 04 27 00 12
2016 04 27 06 58
2016 04 27 09 23
2016 04 27 14 06
2016 04 27 14 33
2016 04 27 21 36
2016 04 28 06 02
2016 04 28 06 49
2016 04 28 15 40
2016 04 28 23 03
2016 05 01 07 44
2016 05 01 13 28
2016 05 01 13 28
2016 05 01 19 38
2016 05 01 20 14
2016 05 01 21 17
2016 05 01 23 57
2016 05 02 04 35
2016 05 02 04 45
2016 05 02 06 31
2016 05 02 08 02
2016 05 02 11 07
2016 05 03 00 51
2016 05 03 15 39
2016 05 03 22 13
2016 05 03 22 33
2016 05 04 06 39
2016 05 05 11 32
2016 05 05 13 44
2016 05 05 23 04
2016 05 06 00 15
2016 05 06 02 00
2016 05 06 14 59
2016 05 06 17 04
2016 05 06 19 29
2016 05 06 20 41
2016 05 07 03 58
2016 05 07 06 40
2016 05 07 09 43
2016 05 08 03 58
2016 05 08 22 20
2016 05 09 10 33
2016 05 09 13 45
2016 05 09 22 45
2016 05 10 00 01
2016 05 10 04 27
2016 05 10 10 45
2016 05 10 21 45
2016 05 10 22 07
2016 05 11 03 41
2016 05 11 10 22
2016 05 11 14 32
2016 05 11 23 52
2016 05 12 01 35
2016 05 12 09 36
2016 05 13 00 16
2016 05 13 11 03
2016 05 13 22 54
2016 05 14 08 38
2016 05 14 09 39
2016 05 14 14 56
2016 05 15 19 59
2016 05 16 02 46
2016 05 16 03 34
2016 05 16 05 01
2016 05 16 13 03
2016 05 17 13 03
2016 05 18 09 38
2016 05 18 16 41
2016 05 18 19 58
2016 05 18 20 21
2016 05 18 20 39
2016 05 19 02 04
2016 05 19 05 52
2016 05 19 10 19
2016 05 19 18 15
2016 05 19 22 31
2016 05 20 06 01
2016 05 20 08 40
2016 05 20 12 13
2016 05 21 07 36
2016 05 21 09 25
2016 05 22 09 20
2016 05 22 12 12
2016 05 22 17 34
2016 05 22 18 55
2016 05 23 08 59
2016 05 23 10 43
2016 05 23 15 16
2016 05 24 05 15
2016 05 24 10 47
2016 05 25 00 51
2016 05 25 02 02
2016 05 25 15 44
2016 05 25 22 05
2016 05 26 03 02
2016 05 26 09 09
2016 05 26 17 41
2016 05 26 22 46
2016 05 27 07 04
2016 05 27 11 54
2016 05 27 16 52
2016 05 28 04 08
2016 05 28 05 59
2016 05 28 10 50
2016 05 28 14 30
2016 05 28 19 24
2016 05 28 20 25
2016 05 28 23 01
2016 06 01 04 34
2016 06 01 21 03
2016 06 02 13 49
2016 06 02 20 34
2016 06 02 22 45
2016 06 02 23 09
2016 06 03 04 30
2016 06 03 16 40
2016 06 04 01 44
2016 06 04 06 34
2016 06 04 13 47
2016 06 04 20 06
2016 06 05 00 04
2016 06 05 11 26
2016 06 06 16 40
2016 06 06 20 11
2016 06 06 22 08
2016 06 07 14 27
2016 06 08 11 57
2016 06 08 12 12
2016 06 08 22 32
2016 06 09 03 24
2016 06 09 05 23
2016 06 09 06 09
2016 06 09 20 05
2016 06 09 20 44
2016 06 09 22 12
2016 06 10 00 28
2016 06 10 03 17
2016 06 10 03 28
2016 06 10 07 28
2016 06 10 08 42
2016 06 10 13 44
2016 06 10 14 10
2016 06 10 17 07
2016 06 11 01 43
2016 06 11 11 25
2016 06 11 11 41
2016 06 12 08 17
2016 06 12 10 46
2016 06 12 11 13
2016 06 12 16 44
2016 06 13 02 15
2016 06 13 02 55
2016 06 13 16 56
2016 06 14 10 42
2016 06 14 17 15
2016 06 14 21 37
2016 06 14 22 18
2016 06 15 19 35
2016 06 15 20 58
2016 06 15 23 42
2016 06 16 00 27
2016 06 16 09 51
2016 06 16 20 04
2016 06 16 23 09
2016 06 17 01 11
2016 06 17 02 47
2016 06 17 09 17
2016 06 17 18 02
2016 06 18 08 45
2016 06 18 22 42
2016 06 18 23 04
2016 06 19 02 19
2016 06 19 03 08
2016 06 19 07 20
2016 06 19 19 05
2016 06 20 03 53
2016 06 20 16 03
2016 06 20 19 39
2016 06 20 23 05
2016 06 21 05 43
2016 06 21 19 04
2016 06 22 07 04
2016 06 22 23 17
2016 06 23 08 02
2016 06 24 04 35
2016 06 24 14 06
2016 06 24 18 02
2016 06 24 22 12
2016 06 25 03 49
2016 06 25 04 43
2016 06 25 06 00
2016 06 25 11 16
2016 06 26 03 36
2016 06 26 06 34
2016 06 26 14 46
2016 06 26 14 49
2016 06 26 16 04
2016 06 26 21 10
2016 06 27 12 34
2016 07 01 14 26
2016 07 02 03 36
2016 07 03 00 03
2016 07 03 17 14
2016 07 04 00 08
2016 07 04 20 20
2016 07 05 00 32
2016 07 05 04 52
2016 07 05 13 40
2016 07 05 13 49
2016 07 05 18 54
2016 07 06 00 39
2016 07 06 09 40
2016 07 07 06 11
2016 07 07 06 19
2016 07 07 07 43
2016 07 08 03 59
2016 07 08 04 29
2016 07 09 03 46
2016 07 09 04 16
2016 07 09 06 37
2016 07 09 06 45
2016 07 09 12 16
2016 07 09 21 01
2016 07 10 20 32
2016 07 10 21 50
2016 07 11 14 50
2016 07 11 19 18
2016 07 12 01 37
2016 07 12 01 48
2016 07 12 06 53
2016 07 12 17 25
2016 07 13 03 13
2016 07 13 03 13
2016 07 13 06 12
2016 07 13 07 39
2016 07 13 09 30
2016 07 13 10 22
2016 07 13 19 07
2016 07 14 05 26
2016 07 14 08 28
2016 07 14 09 23
2016 07 14 22 56
2016 07 15 06 18
2016 07 15 22 17
2016 07 17 04 40
2016 07 17 06 47
2016 07 17 12 36
2016 07 18 00 33
2016 07 18 20 45
2016 07 19 09 35
2016 07 19 15 04
2016 07 20 00 41
2016 07 21 00 41
2016 07 21 07 00
2016 07 21 07 21
2016 07 21 08 44
2016 07 21 10 29
2016 07 22 16 43
2016 07 23 09 39
2016 07 23 17 08
2016 07 24 06 08
2016 07 25 18 32
2016 07 26 01 12
2016 07 26 01 51
2016 07 26 11 05
2016 07 27 04 14
2016 07 27 23 06
2016 07 28 04 05
2016 07 28 05 34
2016 07 28 08 07
2016 07 28 16 32
2016 08 01 03 24
2016 08 01 04 07
2016 08 01 17 39
2016 08 01 21 32
2016 08 02 10 38
2016 08 03 07 58
2016 08 03 10 59
2016 08 03 18 14
2016 08 03 23 04
2016 08 04 01 55
2016 08 05 10 06
2016 08 05 19 39
2016 08 05 22 32
2016 08 06 04 02
2016 08 06 13 34
2016 08 06 15 20
2016 08 06 22 04
2016 08 07 03 38
2016 08 07 04 57
2016 08 07 09 52
2016 08 07 21 29
2016 08 08 01 29
2016 08 08 16 24
2016 08 09 06 03
2016 08 09 11 18
2016 08 10 11 55
2016 08 10 13 38
2016 08 10 21 11
2016 08 11 03 46
2016 08 11 04 09
2016 08 11 05 23
2016 08 11 06 37
2016 08 11 06 57
2016 08 11 14 02
2016 08 12 01 00
2016 08 12 02 42
2016 08 12 09 52
2016 08 12 12 23
2016 08 12 19 42
2016 08 12 22 09
2016 08 12 22 15
2016 08 13 10 41
2016 08 14 08 18
2016 08 14 09 38
2016 08 14 12 35
2016 08 14 14 11
2016 08 14 18 40
2016 08 15 01 44
2016 08 15 07 19
2016 08 15 08 40
2016 08 15 13 59
2016 08 15 14 38
2016 08 15 21 35
2016 08 16 02 36
2016 08 16 04 07
2016 08 16 08 29
2016 08 16 13 12
2016 08 16 14 24
2016 08 17 12 47
2016 08 18 04 00
2016 08 18 11 28
2016 08 18 12 11
2016 08 18 16 10
2016 08 18 17 25
2016 08 19 10 49
2016 08 19 16 27
2016 08 19 20 08
2016 08 20 03 18
2016 08 20 05 34
2016 08 21 18 10
2016 08 21 18 16
2016 08 21 21 03
2016 08 22 11 43
2016 08 23 01 23
2016 08 23 06 01
2016 08 23 08 15
2016 08 23 10 52
2016 08 24 07 37
2016 08 24 08 56
2016 08 24 17 40
2016 08 24 18 14
2016 08 25 01 01
2016 08 25 02 44
2016 08 25 04 18
2016 08 26 04 13
2016 08 26 07 55
2016 08 26 22 57
2016 08 28 02 13
2016 08 28 16 28
2016 08 28 23 58
2016 09 01 09 10
2016 09 01 18 54
2016 09 02 00 10
2016 09 03 07 54
2016 09 03 10 47
2016 09 03 22 22
2016 09 05 04 11
2016 09 05 11 16
2016 09 05 23 37
2016 09 05 23 53
2016 09 07 00 49
2016 09 07 03 40
2016 09 07 04 58
2016 09 07 20 50
2016 09 08 11 35
2016 09 08 13 14
2016 09 09 05 00
2016 09 09 09 44
2016 09 09 11 18
2016 09 09 18 21
2016 09 09 20 36
2016 09 09 21 37
2016 09 10 12 30
2016 09 10 15 48
2016 09 10 19 05
2016 09 11 15 21
2016 09 12 03 10
2016 09 12 06 54
2016 09 12 11 57
2016 09 12 15 17
2016 09 13 01 25
2016 09 13 01 51
2016 09 13 05 50
2016 09 13 12 23
2016 09 13 15 37
2016 09 14 11 59
2016 09 14 12 07
2016 09 14 20 09
2016 09 15 20 19
2016 09 16 11 02
2016 09 17 03 41
2016 09 17 05 46
2016 09 18 09 12
2016 09 18 13 18
2016 09 18 14 39
2016 09 18 17 42
2016 09 18 17 49
2016 09 19 00 50
2016 09 19 13 59
2016 09 19 14 09
2016 09 19 17 30
2016 09 19 20 29
2016 09 20 05 26
2016 09 20 12 01
2016 09 20 13 30
2016 09 20 13 44
2016 09 20 18 54
2016 09 22 01 27
2016 09 22 03 42
2016 09 22 17 26
2016 09 22 20 05
2016 09 23 06 47
2016 09 23 07 09
2016 09 23 15 09
2016 09 23 16 38
2016 09 24 12 44
2016 09 24 13 37
2016 09 25 11 19
2016 09 25 17 45
2016 09 25 18 07
2016 09 26 05 37
2016 09 26 11 58
2016 09 27 03 54
2016 09 27 12 00
2016 09 27 13 02
2016 09 27 23 35
2016 09 28 20 22
2016 10 01 22 59
2016 10 02 19 13
2016 10 02 20 30
2016 10 03 02 50
2016 10 03 02 58
2016 10 03 04 38
2016 10 03 10 57
2016 10 03 14 14
2016 10 03 14 50
2016 10 03 22 47
2016 10 04 23 55
2016 10 05 15 55
2016 10 05 19 44
2016 10 05 22 05
2016 10 06 05 24
2016 10 06 12 54
2016 10 06 16 33
2016 10 08 11 31
2016 10 08 21 16
2016 10 09 09 16
2016 10 09 18 58
2016 10 09 20 17
2016 10 09 21 10
2016 10 10 01 05
2016 10 10 03 04
2016 10 10 04 57
2016 10 10 05 39
2016 10 10 15 12
2016 10 10 15 44
2016 10 11 04 30
2016 10 11 12 28
2016 10 11 22 09
2016 10 11 23 22
2016 10 12 07 48
2016 10 12 12 05
2016 10 13 03 57
2016 10 13 04 25
2016 10 13 07 24
2016 10 13 18 32
2016 10 14 12 22
2016 10 15 01 09
2016 10 15 11 19
2016 10 15 15 23
2016 10 15 23 44
2016 10 16 09 22
2016 10 16 09 38
2016 10 17 03 07
2016 10 17 10 01
2016 10 17 11 43
2016 10 17 16 17
2016 10 17 19 02
2016 10 17 20 35
2016 10 18 13 53
2016 10 18 17 08
2016 10 18 19 40
2016 10 19 00 51
2016 10 19 02 19
2016 10 19 09 05
2016 10 19 17 32
2016 10 20 02 39
2016 10 20 08 42
2016 10 20 08 55
2016 10 20 13 44
2016 10 20 21 39
2016 10 21 02 53
2016 10 21 06 39
2016 10 22 08 17
2016 10 22 09 25
2016 10 22 11 14
2016 10 22 12 56
2016 10 22 18 15
2016 10 23 13 45
2016 10 23 19 21
2016 10 24 05 30
2016 10 24 12 06
2016 10 24 14 02
2016 10 24 15 59
2016 10 24 16 16
2016 10 26 00 21
2016 10 26 22 48
2016 10 27 04 21
2016 10 27 06 55
2016 10 27 16 55
2016 10 27 17 27
2016 10 27 20 50
2016 10 28 08 31
2016 10 28 12 57
2016 10 28 15 40
2016 11 01 00 37
2016 11 01 04 18
2016 11 01 11 12
2016 11 01 22 01
2016 11 02 21 27
2016 11 03 02 29
2016 11 04 01 35
2016 11 04 21 18
2016 11 04 23 03
2016 11 05 08 39
2016 11 05 15 52
2016 11 05 17 28
2016 11 06 07 06
2016 11 07 16 08
2016 11 09 02 32
2016 11 09 03 59
2016 11 09 06 58
2016 11 09 09 37
2016 11 09 14 57
2016 11 09 17 25
2016 11 10 01 57
2016 11 10 02 45
2016 11 10 05 08
2016 11 10 07 59
2016 11 10 13 50
2016 11 11 04 18
2016 11 11 16 23
2016 11 12 01 35
2016 11 12 14 13
2016 11 12 18 57
2016 11 12 21 46
2016 11 13 04 27
2016 11 13 11 12
2016 11 13 13 51
2016 11 13 15 10
2016 11 14 15 00
2016 11 14 21 23
2016 11 15 15 46
2016 11 16 08 53
2016 11 16 10 06
2016 11 16 20 41
2016 11 16 22 00
2016 11 17 00 08
2016 11 17 00 10
2016 11 17 11 30
2016 11 17 12 14
2016 11 18 08 37
2016 11 18 22 36
2016 11 19 00 54
2016 11 19 04 28
2016 11 20 03 54
2016 11 20 05 41
2016 11 21 01 57
2016 11 21 03 22
2016 11 21 09 31
2016 11 21 11 04
2016 11 21 15 35
2016 11 22 04 33
2016 11 22 13 55
2016 11 22 14 30
2016 11 22 17 00
2016 11 22 18 07
2016 11 23 00 50
2016 11 23 10 56
2016 11 24 21 37
2016 11 25 03 58
2016 11 25 14 45
2016 11 25 21 16
2016 11 26 01 36
2016 11 26 01 43
2016 11 26 01 53
2016 11 26 05 45
2016 11 26 20 47
2016 11 27 17 10
2016 11 27 23 02
2016 11 28 00 34
2016 11 28 09 25
2016 11 28 13 03
2016 12 01 18 04
2016 12 01 23 03
2016 12 02 09 55
2016 12 02 23 35
2016 12 03 22 54
2016 12 05 04 07
2016 12 05 05 48
2016 12 06 17 32
2016 12 06 20 34
2016 12 07 08 47
2016 12 07 10 12
2016 12 07 14 15
2016 12 07 21 45
2016 12 07 22 14
2016 12 07 22 37
2016 12 08 05 51
2016 12 08 07 03
2016 12 08 07 45
2016 12 08 14 44
2016 12 08 14 55
2016 12 08 15 26
2016 12 08 16 51
2016 12 08 21 30
2016 12 09 09 27
2016 12 09 17 49
2016 12 10 18 07
2016 12 10 19 52
2016 12 11 15 01
2016 12 11 21 08
2016 12 12 07 02
2016 12 12 09 42
2016 12 12 10 45
2016 12 12 14 36
2016 12 12 21 30
2016 12 12 22 35
2016 12 13 01 41
2016 12 13 03 46
2016 12 14 12 12
2016 12 14 14 18
2016 12 15 03 45
2016 12 15 05 55
2016 12 15 15 51
2016 12 15 19 23
2016 12 16 08 08
2016 12 16 10 32
2016 12 16 16 52
2016 12 17 01 49
2016 12 17 05 17
2016 12 17 13 31
2016 12 17 17 21
2016 12 17 18 00
2016 12 17 18 30
2016 12 18 12 08
2016 12 18 17 19
2016 12 19 04 46
2016 12 19 05 23
2016 12 19 07 33
2016 12 19 08 28
2016 12 19 12 20
2016 12 19 15 27
2016 12 19 18 29
2016 12 19 19 59
2016 12 19 22 34
2016 12 20 01 43
2016 12 20 07 58
2016 12 20 16 30
2016 12 20 19 34
2016 12 20 23 22
2016 12 21 06 32
2016 12 21 11 34
2016 12 22 07 13
2016 12 22 14 50
2016 12 23 16 34
2016 12 23 23 27
2016 12 24 17 15
2016 12 24 18 15
2016 12 25 09 32
2016 12 25 23 58
2016 12 26 08 00
2016 12 27 00 59
2016 12 27 05 52
2016 12 27 15 48
2016 12 27 16 58
2016 12 27 17 34
2016 12 28 10 21
